In diesem Dokument befinden sich berechneten Koordinaten für die Saatpunkte.

10.582110649738024 51.08042213229849
10.582467410472477 51.080417302621115
10.58282417110835 51.08041247185538
10.582282390015907 51.08022510125836
10.582639149205445 51.08022027107015
10.58299590829639 51.0802154397936
10.583352667288716 51.080210607428704
10.58370942618241 51.080205773975464
10.586563493778355 51.080167067169306
10.586920251783317 51.080162223921015
10.58727700968942 51.080157379584385
10.587633767496643 51.08015253415942
10.58799052520496 51.080147687646125
10.588347282814352 51.08014284004449
10.588704040324798 51.08013799135452
10.589060797736275 51.08013314157622
10.582454128847456 51.08002806997233
10.582810886492087 51.0800232392733
10.583167644038117 51.080018407485944
10.583524401485523 51.080013574610255
10.583881158834279 51.080008740646214
10.58423791608437 51.08000390559386
10.584594673235767 51.07999906945316
10.584951430288454 51.07999423222413
10.585308187242404 51.079989393906764
10.585664944097596 51.07998455450106
10.58602170085401 51.07997971400704
10.58637845751162 51.07997487242468
10.586735214070407 51.07997002975399
10.587091970530347 51.07996518599497
10.58744872689142 51.079960341147626
10.587805483153602 51.079955495211955
10.58816223931687 51.07995064818796
10.588518995381204 51.079945800075635
10.588875751346581 51.07994095087498
10.589232507212978 51.079936100586
10.58226911003436 51.07983586856194
10.58262586623269 51.07983103844044
10.582982622332429 51.07982620723061
10.583339378333557 51.07982137493244
10.58369613423605 51.07981654154595
10.584052890039887 51.079811707071144
10.584409645745046 51.07980687150799
10.584766401351503 51.07980203485653
10.585123156859238 51.07979719711673
10.585479912268228 51.079792358288614
10.585836667578452 51.07978751837216
10.586193422789885 51.0797826773674
10.586550177902506 51.079777835274314
10.586906932916294 51.07977299209289
10.587263687831229 51.07976814782317
10.587620442647284 51.07976330246511
10.587977197364436 51.079758456018745
10.58833395198267 51.07975360848405
10.588690706501955 51.07974875986103
10.589047460922277 51.0797439101497
10.582440847518173 51.07963883729501
10.582797602171633 51.07963400666269
10.583154356726492 51.07962917494205
10.583511111182728 51.0796243421331
10.583867865540324 51.079619508235815
10.584224619799253 51.07961467325022
10.584581373959493 51.07960983717631
10.58493812802102 51.07960500001408
10.585294881983819 51.07960016176352
10.585651635847862 51.07959532242466
10.586008389613127 51.079590481997464
10.586365143279595 51.07958564048197
10.58672189684724 51.07958079787816
10.587078650316043 51.079575954186026
10.58743540368598 51.079571109405585
10.587792156957029 51.07956626353683
10.588148910129169 51.079561416579764
10.588505663202374 51.079556568534386
10.588862416176628 51.07955171940069
10.589219169051905 51.07954686917871
10.582612583555704 51.079441805782196
10.582969336664306 51.07943697463908
10.583326089674298 51.07943214240764
10.58368284258566 51.0794273090879
10.584039595398366 51.079422474679845
10.5843963481124 51.079417639183475
10.584753100727733 51.079412802598796
10.585109853244346 51.07940796492581
10.585466605662218 51.0794031261645
10.585823357981326 51.0793982863149
10.586180110201646 51.07939344537698
10.586536862323161 51.07938860335076
10.586893614345842 51.079383760236226
10.58725036626967 51.079378916033384
10.587607118094624 51.07937407074224
10.58796386982068 51.079369224362786
10.588320621447817 51.079364376895036
10.588677372976012 51.07935952833898
10.589034124405245 51.07935467869462
10.58939087573549 51.07934982796197
10.582427566484622 51.07924960458912
10.582784318146976 51.079244774023515
10.583141069710733 51.079239942369604
10.58349782117587 51.079235109627376
10.583854572542364 51.07923027579685
10.584211323810198 51.07922544087803
10.584568074979346 51.0792206048709
10.584924826049786 51.07921576777545
10.5852815770215 51.07921092959171
10.585638327894458 51.07920609031967
10.585995078668642 51.07920124995933
10.586351829344032 51.07919640851068
10.586708579920602 51.079191565973744
10.587065330398334 51.0791867223485
10.587422080777202 51.079181877634966
10.587778831057186 51.079177031833126
10.58813558123826 51.079172184943
10.588492331320408 51.07916733696457
10.588849081303604 51.07916248789784
10.589205831187824 51.07915763774282
10.582599301174481 51.07905257309538
10.58295605129201 51.07904774201898
10.583312801310933 51.07904290985428
10.583669551231228 51.07903807660128
10.584026301052871 51.07903324225998
10.584383050775845 51.07902840683039
10.58473980040012 51.07902357031249
10.585096549925678 51.0790187327063
10.5854532993525 51.07901389401183
10.58581004868056 51.079009054229054
10.586166797909833 51.07900421335798
10.586523547040304 51.07899937139862
10.586880296071945 51.07899452835097
10.587237045004738 51.07898968421503
10.587593793838657 51.0789848389908
10.587950542573683 51.07897999267828
10.58830729120979 51.078975145277454
10.588664039746961 51.078970296788356
10.58902078818517 51.07896544721096
10.589377536524395 51.07896059654529
10.582771034418109 51.07885554135579
10.583127782990829 51.0788507097686
10.58348453146493 51.0788458770931
10.583841279840394 51.07884104332934
10.5841980281172 51.07883620847728
10.584554776295324 51.07883137253692
10.584911524374741 51.07882653550828
10.585268272355432 51.078821697391355
10.585625020237375 51.07881685818615
10.585981768020545 51.07881201789264
10.586338515704924 51.07880717651086
10.586695263290487 51.07880233404078
10.587052010777212 51.07879749048242
10.587408758165077 51.07879264583579
10.587765505454062 51.07878780010086
10.588122252644142 51.07878295327766
10.588478999735296 51.078778105366176
10.5888357467275 51.07877325636642
10.589192493620732 51.07876840627837
10.589549240414975 51.07876355510205
10.582586019089009 51.078663340380025
10.582942766215531 51.078658509370335
10.583299513243453 51.07865367727236
10.583656260172749 51.0786488440861
10.584013007003396 51.078644009811555
10.584369753735373 51.07863917444874
10.58472650036866 51.078634337997634
10.585083246903231 51.07862950045825
10.585439993339065 51.07862466183058
10.585796739676145 51.078619822114646
10.586153485914439 51.07861498131042
10.586510232053934 51.078610139417925
10.586866978094603 51.07860529643716
10.587223724036424 51.07860045236811
10.587580469879374 51.07859560721078
10.587937215623434 51.078590760965184
10.588293961268581 51.0785859136313
10.588650706814793 51.07858106520916
10.589007452262045 51.07857621569873
10.589364197610317 51.07857136510004
10.582757750985023 51.078466308659515
10.58311449656677 51.078461477139044
10.583471242049907 51.07845664453029
10.583827987434406 51.078451810833265
10.58418473272025 51.07844697604797
10.584541477907415 51.078442140174396
10.584898222995875 51.078437303212546
10.585254967985612 51.07843246516243
10.585611712876606 51.07842762602404
10.585968457668828 51.07842278579737
10.586325202362262 51.07841794448245
10.586681946956885 51.078413102079246
10.58703869145267 51.07840825858778
10.5873954358496 51.078403414008044
10.587752180147652 51.078398568340035
10.5881089243468 51.07839372158375
10.588465668447027 51.07838887373922
10.588822412448307 51.07838402480642
10.589179156350621 51.078379174785354
10.589535900153944 51.07837432367602
10.582929481434864 51.078269276693135
10.583286225471848 51.07826444466189
10.58364296941021 51.07825961154237
10.583999713249927 51.07825477733458
10.58435645699098 51.078249942038546
10.58471320063334 51.07824510565422
10.585069944176992 51.078240268181645
10.58542668762191 51.0782354296208
10.58578343096807 51.07823058997169
10.586140174215453 51.07822574923432
10.586496917364038 51.07822090740868
10.586853660413798 51.07821606449478
10.587210403364717 51.078211220492626
10.587567146216767 51.0782063754022
10.587923888969927 51.07820152922353
10.58828063162418 51.07819668195659
10.588637374179498 51.078191833601394
10.588994116635861 51.07818698415794
10.589350858993246 51.07818213362623
10.589707601251632 51.078177282006266
10.582744467847709 51.078077075934665
10.583101210438553 51.078072244480914
10.583457952930786 51.078067411938896
10.583814695324389 51.078062578308625
10.584171437619338 51.07805774359009
10.584528179815608 51.078052907783295
10.58488492191318 51.078048070888244
10.585241663912031 51.07804323290494
10.58559840581214 51.07803839383337
10.585955147613483 51.078033553673556
10.58631188931604 51.07802871242547
10.586668630919785 51.07802387008913
10.587025372424698 51.07801902666454
10.58738211383076 51.07801418215171
10.587738855137943 51.078009336550615
10.588095596346228 51.078004489861286
10.588452337455596 51.07799964208368
10.588809078466019 51.07799479321783
10.589165819377476 51.07798994326374
10.589522560189947 51.07798509222139
10.589879300903409 51.0779802400908
10.582916196949997 51.077880043987385
10.583272937996112 51.07787521202286
10.583629678943607 51.07787037897009
10.583986419792462 51.077865544829066
10.584343160542653 51.07786070959978
10.584699901194156 51.07785587328226
10.585056641746952 51.07785103587648
10.585413382201017 51.07784619738244
10.585770122556328 51.07784135780016
10.586126862812867 51.07783651712965
10.586483602970606 51.07783167537085
10.586840343029529 51.07782683252385
10.587197082989608 51.077821988588575
10.587553822850824 51.07781714356507
10.587910562613153 51.077812297453306
10.588267302276577 51.077807450253296
10.588624041841069 51.077802601965054
10.58898078130661 51.077797752588566
10.589337520673174 51.077792902123846
10.583087924606165 51.07768301179425
10.583444664107564 51.077678179318966
10.583801403510334 51.07767334575545
10.584158142814454 51.07766851110367
10.5845148820199 51.07766367536365
10.584871621126648 51.07765883853539
10.585228360134678 51.07765400061889
10.58558509904397 51.07764916161415
10.585941837854499 51.07764432152116
10.586298576566243 51.07763948033995
10.586655315179181 51.07763463807048
10.587012053693288 51.07762979471277
10.587368792108547 51.07762495026683
10.587725530424931 51.07762010473265
10.58808226864242 51.07761525811023
10.588439006760991 51.07761041039959
10.583259650816236 51.07748597935528
10.583616388772931 51.07748114636924
10.583973126630989 51.07747631229497
10.584329864390385 51.07747147713246
10.584686602051097 51.07746664088172
10.585043339613105 51.07746180354273
10.585400077076383 51.077456965115516
10.585756814440915 51.077452125600075
10.58611355170667 51.07744728499639
10.586470288873636 51.07744244330448
10.586827025941782 51.077437600524334
10.58718376291109 51.07743275665596
10.587540499781538 51.077427911699345
10.587897236553104 51.0774230656545
10.588253973225765 51.077418218521444
10.583074639069599 51.07729377907904
10.58343137558023 51.07728894667048
10.583788111992236 51.0772841131737
10.584144848305591 51.07727927858869
10.584501584520277 51.07727444291545
10.58485832063627 51.077269606153976
10.58521505665355 51.07726476830428
10.585571792572088 51.07725992936636
10.585928528391868 51.07725508934022
10.586285264112869 51.077250248225845
10.586641999735065 51.07724540602325
10.586998735258431 51.07724056273242
10.587355470682953 51.077235718353386
10.587712206008604 51.07723087288612
10.583246363932208 51.077096746659144
10.583603098898172 51.07709191373986
10.583959833765498 51.07708707973234
10.584316568534167 51.07708224463659
10.584673303204154 51.077077408452624
10.58503003777544 51.07707257118045
10.585386772248 51.07706773282005
10.585743506621814 51.077062893371426
10.586100240896858 51.077058052834595
10.586456975073112 51.07705321120953
10.586813709150551 51.077048368496264
10.587170443129157 51.07704352469477
10.587527177008901 51.077038679805064
10.583418087348775 51.07689971399343
10.583774820770081 51.076894880563394
10.584131554092743 51.07689004604514
10.584488287316734 51.076885210438675
10.584845020442039 51.076880373744004
10.585201753468628 51.076875535961115
10.585558486396485 51.076870697090015
10.585915219225583 51.0768658571307
10.586271951955903 51.076861016083186
10.586628684587424 51.07685617394745
10.586985417120122 51.07685133072351
10.583233077344024 51.07670751393446
10.583589809319319 51.0767026810819
10.583946541195981 51.076697847141126
10.584303272973989 51.07669301211216
10.584660004653319 51.07668817599498
10.585016736233948 51.07668333878959
10.585373467715858 51.07667850049601
10.585730199099022 51.076673661114214
10.586086930383418 51.07666882064421
10.583404799413191 51.076510481287826
10.583761529843864 51.07650564792455
10.584118260175897 51.076500813473054
10.584474990409262 51.07649597793336
10.58483172054394 51.07649114130548
10.585188450579912 51.07648630358939
10.58554518051715 51.07648146478511
10.583576520036367 51.07631344839539
10.583933248922433 51.076308614521366
10.584289977709846 51.07630377955916
10.584646706398583 51.07629894350877
10.585003434988623 51.07629410637017
10.583391511773469 51.076121248553676
10.583748239213577 51.07611641525713
10.584104966555046 51.07611158087239
10.583563231049308 51.07592421568033
