Dieses Dokument enthält die berechneten geographischen Koordinaten für die Saatpunkte.
Die Breitengrade sind auf der linken Seite und die Längengrade auf der rechten Seite aufgeführt.
Die geographischen Koordinaten mit dem Saatgut 'Mais' des 1. Feldes:

51.08044375097975 10.582052787974257
51.0804282927415 10.58319442254141
51.08012850133005 10.58232757224583
51.08012077229632 10.58289838570062
51.080113040476434 10.58346919890297
51.08009756847821 10.584610824549992
51.079813251050915 10.582602352814808
51.0798055207095 10.58317316231466
51.079797787581974 10.583743971562035
51.079790051668326 10.584314780556841
51.07978231296856 10.584885589298988
51.079774571482695 10.58545639778839
51.07950572900533 10.58230632388389
51.07949800014235 10.58287712968128
51.0794902684933 10.583447935226246
51.07948253405816 10.584018740518697
51.079474796836934 10.584589545558542
51.07946705682962 10.585160350345687
51.07945931403623 10.585731154880042
51.07919047877502 10.582581101002742
51.079182748604396 10.583151902845339
51.07917501564772 10.583722704435473
51.07916727990501 10.584293505773049
51.07915954137622 10.58486430685798
51.07915180006139 10.585435107690174
51.079144055960526 10.586005908269538
51.0788752279153 10.58285587441922
51.07886749643708 10.583426672307073
51.07885976217281 10.583997469942425
51.078852025122536 10.58456826732518
51.07884428528624 10.58513906445525
51.07883654266392 10.585709861332543
51.078828797255596 10.586280657956967
51.07856770642602 10.582559849947797
51.078559976426206 10.583130644133414
51.078552243640374 10.583701438066578
51.07854450806858 10.584272231747198
51.07853676971078 10.584843025175182
51.07852902856698 10.585413818350442
51.07852128463722 10.585984611272886
51.078252455615136 10.582834619914399
51.07824472430774 10.583405410145414
51.078236990214364 10.583976200123939
51.078229253335024 10.58454698984988
51.07822151366975 10.585117779323145
51.07821377121849 10.585688568543647
51.0782060259813 10.586259357511294
51.077937204174894 10.583109386178847
51.07792947155993 10.583680172455313
51.07792173615904 10.584250958479249
51.07791399797222 10.584821744250561
51.07790625699947 10.58539252976916
51.07789851324079 10.585963315034954
51.0778907666962 10.586534100047855
51.07762968324189 10.582813366166782
51.07762195210532 10.583384148741231
51.07761421818282 10.583954931063202
51.07760648147443 10.5845257131326
51.07759874198014 10.585096494949337
51.077590999699964 10.585667276513318
51.07758325463388 10.586238057824458
51.07757550678193 10.586808838882662
51.07731443185051 10.583088128981604
51.0773066994064 10.583658907601647
51.07729896417641 10.58422968596917
51.07729122616054 10.584800464084083
51.077283485358834 10.585371241946293
51.07727574177125 10.585942019555711
51.07726799539781 10.586512796912245
51.07726024623852 10.587083574015805
51.076999179829784 10.583362888094491
51.07699144607816 10.583933662760181
51.076983709540706 10.584504437173308
51.07697597021742 10.585075211333786
51.0769682281083 10.585645985241522
51.07696048321335 10.586216758896427
51.07669165945301 10.583066872541648
51.07668392717974 10.58363764350554
51.07667619212066 10.584208414216922
51.07666845427576 10.584779184675707
51.07666071364507 10.585349954881801
51.07664522402628 10.586491494535556
51.07637640748115 10.58334162820516
51.076368673900404 10.583912395214837
51.076360937533885 10.584483161971969
51.07606115487999 10.583616380166958

Die geographischen Koordinaten des 1. Vorgewende vom 1. Feld:

51.07695273553257 10.586787532298407
51.07665297022858 10.585920724835114
51.07635319838159 10.58505392847646
51.076053419991794 10.584187143222474

Die geographischen Koordinaten des 2. Vorgewende vom 1. Feld:

51.080758999999986 10.581778
51.08043602325371 10.582623605384033
51.08010530587038 10.58404001185279
51.08008982829988 10.585181636994486

Die geographischen Koordinaten mit dem Saatgut 'Getreide' des 2. Feldes:

51.08006435008707 10.585910932033386
51.08005660356459 10.586481743710182
51.080048854255985 10.587052555133969
51.08004110216124 10.58762336630466
51.07974909159935 10.586185687684058
51.079741343769406 10.586756495405671
51.07973359315335 10.58732730287424
51.07972583975121 10.58789811008967
51.0794338324824 10.586460439632548
51.079426083345005 10.587031243399032
51.07941833142156 10.587602046912433
51.07911857273624 10.586735187878949
51.07911082229145 10.587305987690357
51.07910306906061 10.58787678724864
51.078803312360904 10.587009932423353
51.078795560608725 10.587580728279736
51.078787806070544 10.588151523882951
51.07849580162998 10.586713881111333
51.078488051356416 10.587284673265852
51.07848029829688 10.587855465167259
51.078472542451394 10.588426256815461
51.07818054130369 10.586988622206897
51.07817278972278 10.587559410406534
51.07816503535592 10.588130198353015
51.07786528034825 10.587263359600689
51.07785752746002 10.587834143845491
51.07784977178587 10.5884049278371
51.07755001876368 10.587538093292792
51.07754226456816 10.588108873582815
51.07724250926695 10.58724204669483
51.077234756550006 10.5878128232833

Die geographischen Koordinaten des umläufigen Vorgewende vom 2. Feld:

51.07941057671202 10.588172850172656
51.07881106132709 10.586439136313897
51.07815727820313 10.588700986046254
51.07753450758676 10.588679653619602
51.076927247731454 10.587516776938475

Die geographischen Koordinaten mit dem Saatgut 'Zuckerrübe' des 3. Feldes:

51.08022101222666 10.58826978966447
51.08021325417022 10.588840602617038
51.07990574833598 10.588544530059435
51.0798979889722 10.589115339056619
51.0795904838162 10.588819266752393
51.0795827231451 10.589390071794242
51.07928297785968 10.588523198403456
51.07927521866734 10.589093999743435
51.07896771338903 10.588797931647866
51.0789599528894 10.58936872903265
51.07865244828932 10.589072661190489
51.07864468648242 10.589643454620132
51.07834494288872 10.588776597303422
51.078337182560546 10.589347387031415
51.078029677838146 10.589051323397744
51.078021916202744 10.589622109170739
51.07771441215855 10.589326045790502
